3 0.523256 0.111919 0.139535 0.113372
7 0.133721 0.098837 0.186047 0.116279
30 0.295058 0.502907 0.072674 0.046512
9 0.478198 0.700581 0.043605 0.063953
3 0.202035 0.588663 0.113372 0.072674
35 0.226744 0.662791 0.058140 0.075581
15 0.348837 0.588663 0.093023 0.055233
36 0.588663 0.563953 0.101744 0.098837
1 0.812500 0.549419 0.095930 0.110465
22 0.883721 0.441860 0.040698 0.046512
15 0.978198 0.577035 0.043605 0.078488
15 0.764535 0.055233 0.156977 0.110465
27 0.950581 0.033430 0.098837 0.066860
